10000000000000001011000000000000
10000000000000010101000000000000
10000000000000101001000000000000
10000000000000101010000000000000
10000000000000101011000000000000
10000000000000101100000000000000
10000000000000000011000000000000
10000000000001111101000000000000
10000000000001111111000000000000

10001000010110001011000000001001
10001000101010010101000000000001
01000000010110010101000000010001

10001111111011111101000000001100
10000111111010101001000000000000
10000111111011111111000000000100
10000111111010001011000000001000

10001001010010101001000000000010
10001000010110001011111111111111
11000100000000000000111111100000
10001000000110101010000000000000

10001000010110001011111111111111
11000100000000000000111111010100
10001000000110101011000000000000

10000011111010101001000000000000
10000011111011111111000000000100
10000011111010001011000000001000

10001011111011111101000000001100
00000101011000101010010101100000
11001111111110000000000000000000

01000000010110000000000000000010
10001000000000000011000000000001
11001111111110000000000000000000

10001000000000000011000000000000
11001111111110000000000000000000
