10000000000000010101000000000000
10000000000000010110000000000000
10000000000000010111000000000000
10000000000000011000000000000000
10000000000000011001000000000000
10000000000000001011000000000000
10001000000000001011000000000100
10001000000000010110000000000001
10001000000000010111000000000010
01000000101110000000000000000101
00000100101010010110001100000000
00000100000000010110001010100000
00000100000000011000001011000000
10001000101110010111000000000001
01000000000000000000111111111010
00000100000000011000001100100000
